[gd_scene load_steps=2 format=3 uid="uid://duiqkyx7nt1cj"]

[ext_resource type="PackedScene" uid="uid://b2ootvnb07k66" path="res://forest.tscn" id="1_qmtx4"]

[node name="ArbolesCastillo" type="Node3D"]
transform = Transform3D(4.25517, 0, 0, 0, 2.5, 0, 0, 0, 2.5, -256.095, 4.76837e-05, -0.820847)

[node name="Node3D" parent="." instance=ExtResource("1_qmtx4")]
transform = Transform3D(0.866618, 0, -0.498972, 0, 1, 0, 0.498972, 0, 0.866618, 229.355, 0, 155.111)

[node name="Node3D2" parent="." instance=ExtResource("1_qmtx4")]
transform = Transform3D(0.611348, 0, 0.791362, 0, 1, 0, -0.791362, 0, 0.611348, 234.35, 0, 187.854)

[node name="Node3D3" parent="." instance=ExtResource("1_qmtx4")]
transform = Transform3D(1, 0, 0, 0, 1, 0, 0, 0, 1, 221.281, 0, 200.911)

[node name="Node3D4" parent="." instance=ExtResource("1_qmtx4")]
transform = Transform3D(1, 0, 0, 0, 1, 0, 0, 0, 1, 203.225, 0, 207.837)

[node name="Node3D5" parent="." instance=ExtResource("1_qmtx4")]
transform = Transform3D(0.928064, 0, 0.372421, 0, 1, 0, -0.372421, 0, 0.928064, 173.41, 0, 220.833)

[node name="Node3D6" parent="." instance=ExtResource("1_qmtx4")]
transform = Transform3D(0.916181, 0, -0.400765, 0, 1, 0, 0.400765, 0, 0.916181, 165.875, 0, 207.839)

[node name="Node3D7" parent="." instance=ExtResource("1_qmtx4")]
transform = Transform3D(1, 0, 0, 0, 1, 0, 0, 0, 1, 141.31, 0, 202.295)

[node name="Node3D8" parent="." instance=ExtResource("1_qmtx4")]
transform = Transform3D(0.981581, 0, 0.191049, 0, 1, 0, -0.191049, 0, 0.981581, 150.975, 0, 179.378)

[node name="Node3D9" parent="." instance=ExtResource("1_qmtx4")]
transform = Transform3D(0.999558, 0, -0.0297186, 0, 1, 0, 0.0297186, 0, 0.999558, 173.001, 1.90735e-06, 172.703)

[node name="Node3D10" parent="." instance=ExtResource("1_qmtx4")]
transform = Transform3D(0.999558, 0, -0.0297186, 0, 1, 0, 0.0297186, 0, 0.999558, 194.996, 1.90735e-06, 159.825)
