[gd_scene load_steps=2 format=3 uid="uid://c8gunbarj3p7t"]

[ext_resource type="PackedScene" uid="uid://b2ootvnb07k66" path="res://forest.tscn" id="1_wm7xj"]

[node name="Arboles2" type="Node3D"]
transform = Transform3D(4.25517, 0, 0, 0, 2.5, 0, 0, 0, 2.5, -256.095, 4.76837e-05, -0.820847)

[node name="Node3D10" parent="." instance=ExtResource("1_wm7xj")]
transform = Transform3D(0.999558, 0, -0.0297186, 0, 1, 0, 0.0297186, 0, 0.999558, 239.534, 1.90735e-06, 259.057)

[node name="Node3D11" parent="." instance=ExtResource("1_wm7xj")]
transform = Transform3D(0.865055, 0, -0.501677, 0, 1, 0, 0.501677, 0, 0.865055, 175.356, 1.90735e-06, 258.733)

[node name="Node3D12" parent="." instance=ExtResource("1_wm7xj")]
transform = Transform3D(0.865055, 0, -0.501677, 0, 1, 0, 0.501677, 0, 0.865055, 127.497, 1.90735e-06, 234.447)

[node name="Node3D13" parent="." instance=ExtResource("1_wm7xj")]
transform = Transform3D(0.865055, 0, -0.501677, 0, 1, 0, 0.501677, 0, 0.865055, 306.361, 1.90735e-06, 168.417)

[node name="Node3D14" parent="." instance=ExtResource("1_wm7xj")]
transform = Transform3D(0.957586, 0, 0.288146, 0, 1, 0, -0.288146, 0, 0.957586, 372.783, 1.90735e-06, 170.655)
